195 264 325 399 455 511
1.353846153846154 1.6666666666666667
179.99999999999997
784

264 325 440 511 616 665
1.231060606060606 1.6666666666666667
180.0
1813

360 1015 3864 1235 4056 4459
2.8194444444444446 10.733333333333333
180.0
7052

384 805 1520 1051 1744 2045
2.0963541666666665 3.9583333333333335
180.0
9761

435 1656 4669 1911 4901 5681
3.806896551724138 10.733333333333333
180.0
18089

455 1824 2145 2089 2405 3441
4.008791208791209 4.714285714285714
180.0
22513

520 3105 8184 3395 8456 10101
5.971153846153846 15.738461538461538
180.0
34322

688 5187 21840 5563 22192 24843
7.539244186046512 31.74418604651163
180.0
66447

765 1064 5016 1591 5439 5624
1.3908496732026143 6.556862745098039
180.0
83770

817 3440 25935 3913 26353 27815
4.2105263157894735 31.74418604651163
180.0
125603

885 9499 12600 9971 13065 19201
10.733333333333333 14.23728813559322
179.99999999999997
162107

1272 2065 4928 2917 5672 6223
1.623427672955975 3.8742138364779874
180.0
239422

1357 1800 19320 2743 20033 20280
1.3264554163596167 14.23728813559322
179.99999999999997
287324

1785 8415 11704 9435 12691 17501
4.714285714285714 6.556862745098039
180.0
617221

3128 16320 24955 18088 26657 36005
5.217391304347826 7.977941176470588
179.99999999999997
1605010

3264 4991 26040 7201 27816 28861
1.5291053921568627 7.977941176470588
179.99999999999997
1729772

3515 6528 14800 8827 16835 18928
1.8571834992887624 4.2105263157894735
179.99999999999997
1873893

3864 7296 15295 9816 17549 19969
1.8881987577639752 3.9583333333333335
180.0
2225679

4200 10880 15211 13480 17689 22699
2.5904761904761906 3.6216666666666666
180.0
2529265

4256 5005 20064 8029 22496 22979
1.175986842105263 4.714285714285714
180.0
2604853

4784 5565 59731 8971 62261 62699
1.163252508361204 12.485576923076923
180.0

5096 11520 30429 14744 33271 37539
2.260596546310832 5.971153846153846
180.00000000000003
3452664

5400 5423 57960 9373 60840 60853
1.0042592592592592 10.733333333333333
179.99999999999997
3795868

5985 8640 12376 12735 16219 18296
1.443609022556391 2.0678362573099416
180.0
4165144

6307 6765 7208 11323 11713 12103
1.0726177263358174 1.1428571428571428
180.0
4325864

7616 8415 11704 13889 16856 17501
1.1049107142857142 1.536764705882353
180.0
5251509

7752 17575 32640 22477 37128 44135
2.267156862745098 4.2105263157894735
180.0
5639655

9425 21063 30160 27037 35815 44593
2.2348010610079574 3.2
179.99999999999997
7041922

13464 27265 39360 35941 47544 58015
2.0250297088532383 2.9233511586452763
180.0
10307259

16120 28119 38976 38779 49064 58359
1.7443548387096774 2.417866004962779
180.0
11892836

16575 16905 35728 28995 46297 46543
1.0199095022624434 2.1555354449472097
179.99999999999997
12156770

17424 32725 33915 44099 45219 57715
1.8781565656565657 1.946453168044077
180.0
12847356

19600 26741 31395 40291 44555 50401
1.3643367346938775 1.6017857142857144
180.0
14538682

20520 29393 42432 43453 55608 62543
1.4324074074074074 2.0678362573099416
180.0
15269399