195 264 325 399 455 511
1.353846153846154 1.6666666666666667
179.99999999999997

264 325 440 511 616 665
1.231060606060606 1.6666666666666667
180.0

360 1015 3864 1235 4056 4459
2.8194444444444446 10.733333333333333
180.0

384 805 1520 1051 1744 2045
2.0963541666666665 3.9583333333333335
180.0

390 528 650 798 910 1022
1.353846153846154 1.6666666666666667
179.99999999999997

435 1656 4669 1911 4901 5681
3.806896551724138 10.733333333333333
180.0

455 1824 2145 2089 2405 3441
4.008791208791209 4.714285714285714
180.0

520 3105 8184 3395 8456 10101
5.971153846153846 15.738461538461538
180.0

528 650 880 1022 1232 1330
1.231060606060606 1.6666666666666667
180.0

585 792 975 1197 1365 1533
1.353846153846154 1.6666666666666667
179.99999999999997

688 5187 21840 5563 22192 24843
7.539244186046512 31.74418604651163
180.0

720 2030 7728 2470 8112 8918
2.8194444444444446 10.733333333333333
180.0

765 1064 5016 1591 5439 5624
1.3908496732026143 6.556862745098039
180.0

768 1610 3040 2102 3488 4090
2.0963541666666665 3.9583333333333335
180.0

780 1056 1300 1596 1820 2044
1.353846153846154 1.6666666666666667
179.99999999999997

792 975 1320 1533 1848 1995
1.231060606060606 1.6666666666666667
180.0

817 3440 25935 3913 26353 27815
4.2105263157894735 31.74418604651163
180.0

870 3312 9338 3822 9802 11362
3.806896551724138 10.733333333333333
180.0

885 9499 12600 9971 13065 19201
10.733333333333333 14.23728813559322
179.99999999999997

910 3648 4290 4178 4810 6882
4.008791208791209 4.714285714285714
180.0

975 1320 1625 1995 2275 2555
1.353846153846154 1.6666666666666667
180.0

1040 6210 16368 6790 16912 20202
5.971153846153846 15.738461538461538
180.0

1056 1300 1760 2044 2464 2660
1.231060606060606 1.6666666666666667
180.0

1080 3045 11592 3705 12168 13377
2.8194444444444446 10.733333333333333
180.0

1152 2415 4560 3153 5232 6135
2.0963541666666665 3.9583333333333335
179.99999999999994

1170 1584 1950 2394 2730 3066
1.353846153846154 1.6666666666666667
179.99999999999997

1272 2065 4928 2917 5672 6223
1.623427672955975 3.8742138364779874
180.0

1305 4968 14007 5733 14703 17043
3.806896551724138 10.733333333333333
180.0

1320 1625 2200 2555 3080 3325
1.231060606060606 1.6666666666666667
180.0

1357 1800 19320 2743 20033 20280
1.3264554163596167 14.23728813559322
179.99999999999997

1365 1848 2275 2793 3185 3577
1.353846153846154 1.6666666666666667
179.99999999999997

1365 5472 6435 6267 7215 10323
4.008791208791209 4.714285714285714
180.00000000000003

1440 4060 15456 4940 16224 17836
2.8194444444444446 10.733333333333333
180.0

1530 2128 10032 3182 10878 11248
1.3908496732026143 6.556862745098039
180.0

1536 3220 6080 4204 6976 8180
2.0963541666666665 3.9583333333333335
180.0

1560 2112 2600 3192 3640 4088
1.353846153846154 1.6666666666666667
179.99999999999997

1560 9315 24552 10185 25368 30303
5.971153846153846 15.738461538461538
179.99999999999997

1584 1950 2640 3066 3696 3990
1.231060606060606 1.6666666666666667
180.0

1740 6624 18676 7644 19604 22724
3.806896551724138 10.733333333333333
180.0

1755 2376 2925 3591 4095 4599
1.353846153846154 1.6666666666666667
179.99999999999997

1770 18998 25200 19942 26130 38402
10.733333333333333 14.23728813559322
179.99999999999997

1785 8415 11704 9435 12691 17501
4.714285714285714 6.556862745098039
180.0

1800 5075 19320 6175 20280 22295
2.8194444444444446 10.733333333333333
179.99999999999994

1820 7296 8580 8356 9620 13764
4.008791208791209 4.714285714285714
180.0

1848 2275 3080 3577 4312 4655
1.231060606060606 1.6666666666666667
180.0

1920 4025 7600 5255 8720 10225
2.0963541666666665 3.9583333333333335
180.0

1950 2640 3250 3990 4550 5110
1.353846153846154 1.6666666666666667
180.0

2080 12420 32736 13580 33824 40404
5.971153846153846 15.738461538461538
180.0

2112 2600 3520 4088 4928 5320
1.231060606060606 1.6666666666666667
180.0

2145 2904 3575 4389 5005 5621
1.353846153846154 1.6666666666666667
180.0

2160 6090 23184 7410 24336 26754
2.8194444444444446 10.733333333333333
180.0

2175 8280 23345 9555 24505 28405
3.806896551724138 10.733333333333333
180.0

2275 9120 10725 10445 12025 17205
4.008791208791209 4.714285714285714
180.0

2295 3192 15048 4773 16317 16872
1.3908496732026143 6.556862745098039
180.0

2304 4830 9120 6306 10464 12270
2.0963541666666665 3.9583333333333335
179.99999999999994

2340 3168 3900 4788 5460 6132
1.353846153846154 1.6666666666666667
179.99999999999997

2376 2925 3960 4599 5544 5985
1.231060606060606 1.6666666666666667
180.0

2520 7105 27048 8645 28392 31213
2.8194444444444446 10.733333333333333
180.0

2535 3432 4225 5187 5915 6643
1.353846153846154 1.6666666666666667
179.99999999999997

2544 4130 9856 5834 11344 12446
1.623427672955975 3.8742138364779874
180.0

2610 9936 28014 11466 29406 34086
3.806896551724138 10.733333333333333
180.0

2640 3250 4400 5110 6160 6650
1.231060606060606 1.6666666666666667
180.0

2688 5635 10640 7357 12208 14315
2.0963541666666665 3.9583333333333335
180.0

2714 3600 38640 5486 40066 40560
1.3264554163596167 14.23728813559322
179.99999999999997

2730 3696 4550 5586 6370 7154
1.353846153846154 1.6666666666666667
179.99999999999997

2730 10944 12870 12534 14430 20646
4.008791208791209 4.714285714285714
180.00000000000003

2880 8120 30912 9880 32448 35672
2.8194444444444446 10.733333333333333
180.0

2904 3575 4840 5621 6776 7315
1.231060606060606 1.6666666666666667
180.0

2925 3960 4875 5985 6825 7665
1.353846153846154 1.6666666666666667
179.99999999999997

3045 11592 32683 13377 34307 39767
3.806896551724138 10.733333333333333
180.0

3060 4256 20064 6364 21756 22496
1.3908496732026143 6.556862745098039
180.0

3072 6440 12160 8408 13952 16360
2.0963541666666665 3.9583333333333335
180.0

3120 4224 5200 6384 7280 8176
1.353846153846154 1.6666666666666667
179.99999999999997

3128 16320 24955 18088 26657 36005
5.217391304347826 7.977941176470588
179.99999999999997

3168 3900 5280 6132 7392 7980
1.231060606060606 1.6666666666666667
180.0

3185 12768 15015 14623 16835 24087
4.008791208791209 4.714285714285714
180.0

3240 9135 34776 11115 36504 40131
2.8194444444444446 10.733333333333333
180.0

3264 4991 26040 7201 27816 28861
1.5291053921568627 7.977941176470588
179.99999999999997

3315 4488 5525 6783 7735 8687
1.353846153846154 1.6666666666666667
179.99999999999997

3432 4225 5720 6643 8008 8645
1.231060606060606 1.6666666666666667
180.0

3456 7245 13680 9459 15696 18405
2.0963541666666665 3.9583333333333335
180.0

3510 4752 5850 7182 8190 9198
1.353846153846154 1.6666666666666667
179.99999999999997

3515 6528 14800 8827 16835 18928
1.8571834992887624 4.2105263157894735
179.99999999999997

3570 16830 23408 18870 25382 35002
4.714285714285714 6.556862745098039
180.0

3640 14592 17160 16712 19240 27528
4.008791208791209 4.714285714285714
180.0

3696 4550 6160 7154 8624 9310
1.231060606060606 1.6666666666666667
180.0

3705 5016 6175 7581 8645 9709
1.353846153846154 1.6666666666666667
179.99999999999997

3816 6195 14784 8751 17016 18669
1.623427672955975 3.8742138364779874
180.0

3825 5320 25080 7955 27195 28120
1.3908496732026143 6.556862745098039
180.0

3840 8050 15200 10510 17440 20450
2.0963541666666665 3.9583333333333335
180.0

3864 7296 15295 9816 17549 19969
1.8881987577639752 3.9583333333333335
180.0

3900 5280 6500 7980 9100 10220
1.353846153846154 1.6666666666666667
180.0

3960 4875 6600 7665 9240 9975
1.231060606060606 1.6666666666666667
180.0

4095 5544 6825 8379 9555 10731
1.353846153846154 1.6666666666666667
179.99999999999997

4095 16416 19305 18801 21645 30969
4.008791208791209 4.714285714285714
180.0

4200 10880 15211 13480 17689 22699
2.5904761904761906 3.6216666666666666
180.0

4224 5200 7040 8176 9856 10640
1.231060606060606 1.6666666666666667
180.0

4224 8855 16720 11561 19184 22495
2.0963541666666665 3.9583333333333335
180.0

4256 5005 20064 8029 22496 22979
1.175986842105263 4.714285714285714
180.0

4290 5808 7150 8778 10010 11242
1.353846153846154 1.6666666666666667
180.0

4485 6072 7475 9177 10465 11753
1.353846153846154 1.6666666666666667
180.0

4488 5525 7480 8687 10472 11305
1.231060606060606 1.6666666666666667
180.0

4550 18240 21450 20890 24050 34410
4.008791208791209 4.714285714285714
180.0

4590 6384 30096 9546 32634 33744
1.3908496732026143 6.556862745098039
180.0

4608 9660 18240 12612 20928 24540
2.0963541666666665 3.9583333333333335
179.99999999999994

4680 6336 7800 9576 10920 12264
1.353846153846154 1.6666666666666667
179.99999999999997

4752 5850 7920 9198 11088 11970
1.231060606060606 1.6666666666666667
180.0

4875 6600 8125 9975 11375 12775
1.353846153846154 1.6666666666666667
179.99999999999997

4992 10465 19760 13663 22672 26585
2.0963541666666665 3.9583333333333335
180.0

5005 20064 23595 22979 26455 37851
4.008791208791209 4.714285714285714
180.0

5016 6175 8360 9709 11704 12635
1.231060606060606 1.6666666666666667
180.0

5070 6864 8450 10374 11830 13286
1.353846153846154 1.6666666666666667
179.99999999999997

5088 8260 19712 11668 22688 24892
1.623427672955975 3.8742138364779874
180.0

5096 11520 30429 14744 33271 37539
2.260596546310832 5.971153846153846
180.00000000000003

5265 7128 8775 10773 12285 13797
1.353846153846154 1.6666666666666667
180.0

5280 6500 8800 10220 12320 13300
1.231060606060606 1.6666666666666667
180.0

5355 7448 35112 11137 38073 39368
1.3908496732026143 6.556862745098039
180.0

5376 11270 21280 14714 24416 28630
2.0963541666666665 3.9583333333333335
180.0

5460 7392 9100 11172 12740 14308
1.353846153846154 1.6666666666666667
179.99999999999997

5544 6825 9240 10731 12936 13965
1.231060606060606 1.6666666666666667
180.0

5655 7656 9425 11571 13195 14819
1.353846153846154 1.6666666666666667
179.99999999999997

5760 12075 22800 15765 26160 30675
2.0963541666666665 3.9583333333333335
180.0

5808 7150 9680 11242 13552 14630
1.231060606060606 1.6666666666666667
180.0

5850 7920 9750 11970 13650 15330
1.353846153846154 1.6666666666666667
179.99999999999997

5985 8640 12376 12735 16219 18296
1.443609022556391 2.0678362573099416
180.0

6045 8184 10075 12369 14105 15841
1.353846153846154 1.6666666666666667
179.99999999999997

6072 7475 10120 11753 14168 15295
1.231060606060606 1.6666666666666667
180.0

6120 8512 9405 12728 13545 15523
1.3908496732026143 1.536764705882353
180.0

6144 12880 24320 16816 27904 32720
2.0963541666666665 3.9583333333333335
180.0

6240 8448 10400 12768 14560 16352
1.353846153846154 1.6666666666666667
179.99999999999997

6307 6765 7208 11323 11713 12103
1.0726177263358174 1.1428571428571428
180.0

6336 7800 10560 12264 14784 15960
1.231060606060606 1.6666666666666667
180.0

6360 10325 24640 14585 28360 31115
1.623427672955975 3.8742138364779874
180.0

6435 8712 10725 13167 15015 16863
1.353846153846154 1.6666666666666667
180.0

6528 13685 25840 17867 29648 34765
2.0963541666666665 3.9583333333333335
180.0

6600 8125 11000 12775 15400 16625
1.231060606060606 1.6666666666666667
180.0

6630 8976 11050 13566 15470 17374
1.353846153846154 1.6666666666666667
179.99999999999997

6825 9240 11375 13965 15925 17885
1.353846153846154 1.6666666666666667
179.99999999999997

6864 8450 11440 13286 16016 17290
1.231060606060606 1.6666666666666667
180.0

6912 14490 27360 18918 31392 36810
2.0963541666666665 3.9583333333333335
180.0

7020 9504 11700 14364 16380 18396
1.353846153846154 1.6666666666666667
179.99999999999997

7030 13056 29600 17654 33670 37856
1.8571834992887624 4.2105263157894735
179.99999999999997

7128 8775 11880 13797 16632 17955
1.231060606060606 1.6666666666666667
180.0

7215 9768 12025 14763 16835 18907
1.353846153846154 1.6666666666666667
179.99999999999997

7392 9100 12320 14308 17248 18620
1.231060606060606 1.6666666666666667
180.0

7410 10032 12350 15162 17290 19418
1.353846153846154 1.6666666666666667
179.99999999999997

7605 10296 12675 15561 17745 19929
1.353846153846154 1.6666666666666667
179.99999999999997

7616 8415 11704 13889 16856 17501
1.1049107142857142 1.536764705882353
180.0

7632 12390 29568 17502 34032 37338
1.623427672955975 3.8742138364779874
180.0

7656 9425 12760 14819 17864 19285
1.231060606060606 1.6666666666666667
180.0

7800 10560 13000 15960 18200 20440
1.353846153846154 1.6666666666666667
180.0

7920 9750 13200 15330 18480 19950
1.231060606060606 1.6666666666666667
180.0

7995 10824 13325 16359 18655 20951
1.353846153846154 1.6666666666666667
179.99999999999997

8184 10075 13640 15841 19096 20615
1.231060606060606 1.6666666666666667
180.0

8190 11088 13650 16758 19110 21462
1.353846153846154 1.6666666666666667
179.99999999999997

8385 11352 13975 17157 19565 21973
1.353846153846154 1.6666666666666667
179.99999999999997

8448 10400 14080 16352 19712 21280
1.231060606060606 1.6666666666666667
180.0

8580 11616 14300 17556 20020 22484
1.353846153846154 1.6666666666666667
180.0

8712 10725 14520 16863 20328 21945
1.231060606060606 1.6666666666666667
180.0

8775 11880 14625 17955 20475 22995
1.353846153846154 1.6666666666666667
180.0

8970 12144 14950 18354 20930 23506
1.353846153846154 1.6666666666666667
180.0

8976 11050 14960 17374 20944 22610
1.231060606060606 1.6666666666666667
180.0

9165 12408 15275 18753 21385 24017
1.353846153846154 1.6666666666666667
179.99999999999997

9240 11375 15400 17885 21560 23275
1.231060606060606 1.6666666666666667
180.0

9360 12672 15600 19152 21840 24528
1.353846153846154 1.6666666666666667
179.99999999999997

9504 11700 15840 18396 22176 23940
1.231060606060606 1.6666666666666667
180.0

9555 12936 15925 19551 22295 25039
1.353846153846154 1.6666666666666667
180.0

9750 13200 16250 19950 22750 25550
1.353846153846154 1.6666666666666667
179.99999999999997

9768 12025 16280 18907 22792 24605
1.231060606060606 1.6666666666666667
180.0

9945 13464 16575 20349 23205 26061
1.353846153846154 1.6666666666666667
179.99999999999997

10032 12350 16720 19418 23408 25270
1.231060606060606 1.6666666666666667
180.0

10140 13728 16900 20748 23660 26572
1.353846153846154 1.6666666666666667
179.99999999999997

10296 12675 17160 19929 24024 25935
1.231060606060606 1.6666666666666667
180.0

10335 13992 17225 21147 24115 27083
1.353846153846154 1.6666666666666667
179.99999999999997

10530 14256 17550 21546 24570 27594
1.353846153846154 1.6666666666666667
180.0

10560 13000 17600 20440 24640 26600
1.231060606060606 1.6666666666666667
180.0

10725 14520 17875 21945 25025 28105
1.353846153846154 1.6666666666666667
179.99999999999997

10824 13325 18040 20951 25256 27265
1.231060606060606 1.6666666666666667
180.0

10920 14784 18200 22344 25480 28616
1.353846153846154 1.6666666666666667
179.99999999999997

11088 13650 18480 21462 25872 27930
1.231060606060606 1.6666666666666667
180.0

11115 15048 18525 22743 25935 29127
1.353846153846154 1.6666666666666667
179.99999999999997

11310 15312 18850 23142 26390 29638
1.353846153846154 1.6666666666666667
179.99999999999997

11352 13975 18920 21973 26488 28595
1.231060606060606 1.6666666666666667
180.0

11505 15576 19175 23541 26845 30149
1.353846153846154 1.6666666666666667
179.99999999999997

11616 14300 19360 22484 27104 29260
1.231060606060606 1.6666666666666667
180.0

11700 15840 19500 23940 27300 30660
1.353846153846154 1.6666666666666667
179.99999999999997

11880 14625 19800 22995 27720 29925
1.231060606060606 1.6666666666666667
180.0

11895 16104 19825 24339 27755 31171
1.353846153846154 1.6666666666666667
180.0

12090 16368 20150 24738 28210 31682
1.353846153846154 1.6666666666666667
179.99999999999997

12144 14950 20240 23506 28336 30590
1.231060606060606 1.6666666666666667
180.0

12240 17024 18810 25456 27090 31046
1.3908496732026143 1.536764705882353
180.0

12285 16632 20475 25137 28665 32193
1.353846153846154 1.6666666666666667
179.99999999999997

12408 15275 20680 24017 28952 31255
1.231060606060606 1.6666666666666667
180.0

12614 13530 14416 22646 23426 24206
1.0726177263358174 1.1428571428571428
180.0

12672 15600 21120 24528 29568 31920
1.231060606060606 1.6666666666666667
180.0