195 264 325 399 455 511
1.353846153846154 1.6666666666666667
179.99999999999997
784

264 325 440 511 616 665
1.231060606060606 1.6666666666666667
180.0
1813

360 1015 3864 1235 4056 4459
2.8194444444444446 10.733333333333333
180.0
7052

384 805 1520 1051 1744 2045
2.0963541666666665 3.9583333333333335
180.0
9761

390 528 650 798 910 1022
1.353846153846154 1.6666666666666667
179.99999999999997
11329

435 1656 4669 1911 4901 5681
3.806896551724138 10.733333333333333
180.0
18089

455 1824 2145 2089 2405 3441
4.008791208791209 4.714285714285714
180.0
22513

520 3105 8184 3395 8456 10101
5.971153846153846 15.738461538461538
180.0
34322

528 650 880 1022 1232 1330
1.231060606060606 1.6666666666666667
180.0
36380

585 792 975 1197 1365 1533
1.353846153846154 1.6666666666666667
179.99999999999997
38732

688 5187 21840 5563 22192 24843
7.539244186046512 31.74418604651163
180.0
66447

720 2030 7728 2470 8112 8918
2.8194444444444446 10.733333333333333
180.0
76925

765 1064 5016 1591 5439 5624
1.3908496732026143 6.556862745098039
180.0
83770

768 1610 3040 2102 3488 4090
2.0963541666666665 3.9583333333333335
180.0
89188

780 1056 1300 1596 1820 2044
1.353846153846154 1.6666666666666667
179.99999999999997
92324

792 975 1320 1533 1848 1995
1.231060606060606 1.6666666666666667
180.0
95411

817 3440 25935 3913 26353 27815
4.2105263157894735 31.74418604651163
180.0
125603

870 3312 9338 3822 9802 11362
3.806896551724138 10.733333333333333
180.0
139123

885 9499 12600 9971 13065 19201
10.733333333333333 14.23728813559322
179.99999999999997
162107

910 3648 4290 4178 4810 6882
4.008791208791209 4.714285714285714
180.0
170955

975 1320 1625 1995 2275 2555
1.353846153846154 1.6666666666666667
180.0
174875

1040 6210 16368 6790 16912 20202
5.971153846153846 15.738461538461538
180.0
198493

1056 1300 1760 2044 2464 2660
1.231060606060606 1.6666666666666667
180.0
202609

1080 3045 11592 3705 12168 13377
2.8194444444444446 10.733333333333333
180.0
218326

1152 2415 4560 3153 5232 6135
2.0963541666666665 3.9583333333333335
179.99999999999994
226453

1170 1584 1950 2394 2730 3066
1.353846153846154 1.6666666666666667
179.99999999999997
231157

1272 2065 4928 2917 5672 6223
1.623427672955975 3.8742138364779874
180.0
239422

1305 4968 14007 5733 14703 17043
3.806896551724138 10.733333333333333
180.0
259702

1320 1625 2200 2555 3080 3325
1.231060606060606 1.6666666666666667
180.0
264847

1357 1800 19320 2743 20033 20280
1.3264554163596167 14.23728813559322
179.99999999999997
287324

1365 1848 2275 2793 3185 3577
1.353846153846154 1.6666666666666667
179.99999999999997
292812

1365 5472 6435 6267 7215 10323
4.008791208791209 4.714285714285714
180.00000000000003
306084

1376 10374 43680 11126 44384 49686
7.539244186046512 31.74418604651163
180.0
361514

1440 4060 15456 4940 16224 17836
2.8194444444444446 10.733333333333333
180.0
382470

1530 2128 10032 3182 10878 11248
1.3908496732026143 6.556862745098039
180.0
396160

1536 3220 6080 4204 6976 8180
2.0963541666666665 3.9583333333333335
180.0
406996

1560 2112 2600 3192 3640 4088
1.353846153846154 1.6666666666666667
179.99999999999997
413268

1560 9315 24552 10185 25368 30303
5.971153846153846 15.738461538461538
179.99999999999997
448695

1584 1950 2640 3066 3696 3990
1.231060606060606 1.6666666666666667
180.0
454869

1634 6880 51870 7826 52706 55630
4.2105263157894735 31.74418604651163
180.0
515253

1740 6624 18676 7644 19604 22724
3.806896551724138 10.733333333333333
180.0
542293

1755 2376 2925 3591 4095 4599
1.353846153846154 1.6666666666666667
179.99999999999997
549349

1770 18998 25200 19942 26130 38402
10.733333333333333 14.23728813559322
179.99999999999997
595317

1785 8415 11704 9435 12691 17501
4.714285714285714 6.556862745098039
180.0
617221

1800 5075 19320 6175 20280 22295
2.8194444444444446 10.733333333333333
179.99999999999994
643416

1820 7296 8580 8356 9620 13764
4.008791208791209 4.714285714285714
180.0
661112

1848 2275 3080 3577 4312 4655
1.231060606060606 1.6666666666666667
180.0
668315

1920 4025 7600 5255 8720 10225
2.0963541666666665 3.9583333333333335
180.0
681860

1950 2640 3250 3990 4550 5110
1.353846153846154 1.6666666666666667
180.0
689700

2080 12420 32736 13580 33824 40404
5.971153846153846 15.738461538461538
180.0
736936

2112 2600 3520 4088 4928 5320
1.231060606060606 1.6666666666666667
180.0
745168

2145 2904 3575 4389 5005 5621
1.353846153846154 1.6666666666666667
180.0
753792

2160 6090 23184 7410 24336 26754
2.8194444444444446 10.733333333333333
180.0
785226

2175 8280 23345 9555 24505 28405
3.806896551724138 10.733333333333333
180.0
819026

2275 9120 10725 10445 12025 17205
4.008791208791209 4.714285714285714
180.0
841146

2295 3192 15048 4773 16317 16872
1.3908496732026143 6.556862745098039
180.0
861681

2304 4830 9120 6306 10464 12270
2.0963541666666665 3.9583333333333335
179.99999999999994
877935

2340 3168 3900 4788 5460 6132
1.353846153846154 1.6666666666666667
179.99999999999997
887343

2376 2925 3960 4599 5544 5985
1.231060606060606 1.6666666666666667
180.0
896604

2520 7105 27048 8645 28392 31213
2.8194444444444446 10.733333333333333
180.0
933277

2535 3432 4225 5187 5915 6643
1.353846153846154 1.6666666666666667
179.99999999999997
943469

2544 4130 9856 5834 11344 12446
1.623427672955975 3.8742138364779874
180.0
959999

2600 15525 40920 16975 42280 50505
5.971153846153846 15.738461538461538
180.0
1019044

2610 9936 28014 11466 29406 34086
3.806896551724138 10.733333333333333
180.0
1059604

2640 3250 4400 5110 6160 6650
1.231060606060606 1.6666666666666667
180.0
1069894

2655 28497 37800 29913 39195 57603
10.733333333333333 14.23728813559322
179.99999999999997
1138846

2688 5635 10640 7357 12208 14315
2.0963541666666665 3.9583333333333335
180.0
1157809

2714 3600 38640 5486 40066 40560
1.3264554163596167 14.23728813559322
179.99999999999997
1202763

2730 3696 4550 5586 6370 7154
1.353846153846154 1.6666666666666667
179.99999999999997
1213739

2730 10944 12870 12534 14430 20646
4.008791208791209 4.714285714285714
180.00000000000003
1240283

2880 8120 30912 9880 32448 35672
2.8194444444444446 10.733333333333333
180.0
1282195

2904 3575 4840 5621 6776 7315
1.231060606060606 1.6666666666666667
180.0
1293514

2925 3960 4875 5985 6825 7665
1.353846153846154 1.6666666666666667
179.99999999999997
1305274

3045 11592 32683 13377 34307 39767
3.806896551724138 10.733333333333333
180.0
1352594

3060 4256 20064 6364 21756 22496
1.3908496732026143 6.556862745098039
180.0
1379974

3072 6440 12160 8408 13952 16360
2.0963541666666665 3.9583333333333335
180.0
1401646

3120 4224 5200 6384 7280 8176
1.353846153846154 1.6666666666666667
179.99999999999997
1414190

3120 18630 49104 20370 50736 60606
5.971153846153846 15.738461538461538
179.99999999999997
1485044

3120 33488 38955 35152 40605 62797
10.733333333333333 12.485576923076923
180.0
1560607

3128 16320 24955 18088 26657 36005
5.217391304347826 7.977941176470588
179.99999999999997
1605010

3168 3900 5280 6132 7392 7980
1.231060606060606 1.6666666666666667
180.0
1617358

3185 12768 15015 14623 16835 24087
4.008791208791209 4.714285714285714
180.0
1648326

3240 9135 34776 11115 36504 40131
2.8194444444444446 10.733333333333333
180.0
1695477

3264 4991 26040 7201 27816 28861
1.5291053921568627 7.977941176470588
179.99999999999997
1729772

3315 4488 5525 6783 7735 8687
1.353846153846154 1.6666666666666667
179.99999999999997
1743100

3432 4225 5720 6643 8008 8645
1.231060606060606 1.6666666666666667
180.0
1756477

3456 7245 13680 9459 15696 18405
2.0963541666666665 3.9583333333333335
180.0
1780858

3480 13248 37352 15288 39208 45448
3.806896551724138 10.733333333333333
180.0
1834938

3510 4752 5850 7182 8190 9198
1.353846153846154 1.6666666666666667
179.99999999999997
1849050

3515 6528 14800 8827 16835 18928
1.8571834992887624 4.2105263157894735
179.99999999999997
1873893

3570 16830 23408 18870 25382 35002
4.714285714285714 6.556862745098039
180.0
1917701

3600 10150 38640 12350 40560 44590
2.8194444444444446 10.733333333333333
179.99999999999994
1970091

3640 14592 17160 16712 19240 27528
4.008791208791209 4.714285714285714
180.0
2005483

3696 4550 6160 7154 8624 9310
1.231060606060606 1.6666666666666667
180.0
2019889

3705 5016 6175 7581 8645 9709
1.353846153846154 1.6666666666666667
179.99999999999997
2034785

3705 15600 59024 17745 60961 68176
4.2105263157894735 15.930904183535763
180.0
2113114

3816 6195 14784 8751 17016 18669
1.623427672955975 3.8742138364779874
180.0
2137909

3825 5320 25080 7955 27195 28120
1.3908496732026143 6.556862745098039
180.0
2172134

3840 8050 15200 10510 17440 20450
2.0963541666666665 3.9583333333333335
180.0
2199224

3864 7296 15295 9816 17549 19969
1.8881987577639752 3.9583333333333335
180.0
2225679

3900 5280 6500 7980 9100 10220
1.353846153846154 1.6666666666666667
180.0
2241359

3915 14904 42021 17199 44109 51129
3.806896551724138 10.733333333333333
180.0
2302199

3960 4875 6600 7665 9240 9975
1.231060606060606 1.6666666666666667
180.0
2317634

3960 11165 42504 13585 44616 49049
2.8194444444444446 10.733333333333333
180.0
2375263

4071 5400 57960 8229 60099 60840
1.3264554163596167 14.23728813559322
179.99999999999997
2442694

4095 5544 6825 8379 9555 10731
1.353846153846154 1.6666666666666667
179.99999999999997
2459158

4095 16416 19305 18801 21645 30969
4.008791208791209 4.714285714285714
180.0
2498974

4200 10880 15211 13480 17689 22699
2.5904761904761906 3.6216666666666666
180.0
2529265

4224 5200 7040 8176 9856 10640
1.231060606060606 1.6666666666666667
180.0
2545729

4224 8855 16720 11561 19184 22495
2.0963541666666665 3.9583333333333335
180.0
2575528

4256 5005 20064 8029 22496 22979
1.175986842105263 4.714285714285714
180.0
2604853

4290 5808 7150 8778 10010 11242
1.353846153846154 1.6666666666666667
180.0
2622101

4320 12180 46368 14820 48672 53508
2.8194444444444446 10.733333333333333
180.0
2684969

4350 16560 46690 19110 49010 56810
3.806896551724138 10.733333333333333
180.0
2752569

4485 6072 7475 9177 10465 11753
1.353846153846154 1.6666666666666667
180.0
2770601

4488 5525 7480 8687 10472 11305
1.231060606060606 1.6666666666666667
180.0
2788094

4550 18240 21450 20890 24050 34410
4.008791208791209 4.714285714285714
180.0
2832334

4590 6384 30096 9546 32634 33744
1.3908496732026143 6.556862745098039
180.0
2873404

4608 9660 18240 12612 20928 24540
2.0963541666666665 3.9583333333333335
179.99999999999994
2905912

4680 6336 7800 9576 10920 12264
1.353846153846154 1.6666666666666667
179.99999999999997
2924728

4680 13195 50232 16055 52728 57967
2.8194444444444446 10.733333333333333
180.0
2992835

4752 5850 7920 9198 11088 11970
1.231060606060606 1.6666666666666667
180.0
3011357

4784 5565 59731 8971 62261 62699
1.163252508361204 12.485576923076923
180.0
3081437

4785 18216 51359 21021 53911 62491
3.806896551724138 10.733333333333333
180.0
3155797

4875 6600 8125 9975 11375 12775
1.353846153846154 1.6666666666666667
179.99999999999997
3175397

4992 10465 19760 13663 22672 26585
2.0963541666666665 3.9583333333333335
180.0
3210614

5005 20064 23595 22979 26455 37851
4.008791208791209 4.714285714285714
180.0
3259278

5016 6175 8360 9709 11704 12635
1.231060606060606 1.6666666666666667
180.0
3278829

5040 14210 54096 17290 56784 62426
2.8194444444444446 10.733333333333333
180.0
3352175

5070 6864 8450 10374 11830 13286
1.353846153846154 1.6666666666666667
179.99999999999997
3372559

5088 8260 19712 11668 22688 24892
1.623427672955975 3.8742138364779874
180.0
3405619

5096 11520 30429 14744 33271 37539
2.260596546310832 5.971153846153846
180.00000000000003
3452664

5220 19872 56028 22932 58812 68172
3.806896551724138 10.733333333333333
180.0
3533784

5265 7128 8775 10773 12285 13797
1.353846153846154 1.6666666666666667
180.0
3554952

5280 6500 8800 10220 12320 13300
1.231060606060606 1.6666666666666667
180.0
3575532

5355 7448 35112 11137 38073 39368
1.3908496732026143 6.556862745098039
180.0
3623447

5355 25245 35112 28305 38073 52503
4.714285714285714 6.556862745098039
180.0
3689159

5376 11270 21280 14714 24416 28630
2.0963541666666665 3.9583333333333335
180.0
3727085

5400 5423 57960 9373 60840 60853
1.0042592592592592 10.733333333333333
179.99999999999997
3795868

5400 15225 57960 18525 60840 66885
2.8194444444444446 10.733333333333333
180.0
3874453

5460 7392 9100 11172 12740 14308
1.353846153846154 1.6666666666666667
179.99999999999997
3896405

5460 21888 25740 25068 28860 41292
4.008791208791209 4.714285714285714
180.00000000000003
3949493

5544 6825 9240 10731 12936 13965
1.231060606060606 1.6666666666666667
180.0
3971102

5655 7656 9425 11571 13195 14819
1.353846153846154 1.6666666666666667
179.99999999999997
3993838

5760 12075 22800 15765 26160 30675
2.0963541666666665 3.9583333333333335
180.0
4034473

5808 7150 9680 11242 13552 14630
1.231060606060606 1.6666666666666667
180.0
4057111

5850 7920 9750 11970 13650 15330
1.353846153846154 1.6666666666666667
179.99999999999997
4080631

5915 23712 27885 27157 31265 44733
4.008791208791209 4.714285714285714
180.0
4138143

5985 8640 12376 12735 16219 18296
1.443609022556391 2.0678362573099416
180.0
4165144

6045 8184 10075 12369 14105 15841
1.353846153846154 1.6666666666666667
179.99999999999997
4189448

6072 7475 10120 11753 14168 15295
1.231060606060606 1.6666666666666667
180.0
4213115

6120 8512 9405 12728 13545 15523
1.3908496732026143 1.536764705882353
180.0
4237152

6144 12880 24320 16816 27904 32720
2.0963541666666665 3.9583333333333335
180.0
4280496

6240 8448 10400 12768 14560 16352
1.353846153846154 1.6666666666666667
179.99999999999997
4305584

6307 6765 7208 11323 11713 12103
1.0726177263358174 1.1428571428571428
180.0
4325864

6336 7800 10560 12264 14784 15960
1.231060606060606 1.6666666666666667
180.0
4350560

6360 10325 24640 14585 28360 31115
1.623427672955975 3.8742138364779874
180.0
4391885

6370 25536 30030 29246 33670 48174
4.008791208791209 4.714285714285714
180.0
4453821

6435 8712 10725 13167 15015 16863
1.353846153846154 1.6666666666666667
180.0
4479693

6528 9982 52080 14402 55632 57722
1.5291053921568627 7.977941176470588
179.99999999999997
4548283

6528 13685 25840 17867 29648 34765
2.0963541666666665 3.9583333333333335
180.0
4594336

6600 8125 11000 12775 15400 16625
1.231060606060606 1.6666666666666667
180.0
4620061

6630 8976 11050 13566 15470 17374
1.353846153846154 1.6666666666666667
179.99999999999997
4646717

6825 9240 11375 13965 15925 17885
1.353846153846154 1.6666666666666667
179.99999999999997
4674157

6825 27360 32175 31335 36075 51615
4.008791208791209 4.714285714285714
180.0
4740517

6864 8450 11440 13286 16016 17290
1.231060606060606 1.6666666666666667
180.0
4767271

6885 9576 45144 14319 48951 50616
1.3908496732026143 6.556862745098039
180.0
4828876

6912 14490 27360 18918 31392 36810
2.0963541666666665 3.9583333333333335
180.0
4877638

7020 9504 11700 14364 16380 18396
1.353846153846154 1.6666666666666667
179.99999999999997
4905862

7030 13056 29600 17654 33670 37856
1.8571834992887624 4.2105263157894735
179.99999999999997
4955548

7128 8775 11880 13797 16632 17955
1.231060606060606 1.6666666666666667
180.0
4983331

7215 9768 12025 14763 16835 18907
1.353846153846154 1.6666666666666667
179.99999999999997
5012339

7280 29184 34320 33424 38480 55056
4.008791208791209 4.714285714285714
180.0
5083123

7296 15295 28880 19969 33136 38855
2.0963541666666665 3.9583333333333335
180.0
5134594

7392 9100 12320 14308 17248 18620
1.231060606060606 1.6666666666666667
180.0
5163406

7410 10032 12350 15162 17290 19418
1.353846153846154 1.6666666666666667
179.99999999999997
5193198

7605 10296 12675 15561 17745 19929
1.353846153846154 1.6666666666666667
179.99999999999997
5223774

7616 8415 11704 13889 16856 17501
1.1049107142857142 1.536764705882353
180.0
5251509

7632 12390 29568 17502 34032 37338
1.623427672955975 3.8742138364779874
180.0
5301099

7650 10640 50160 15910 54390 56240
1.3908496732026143 6.556862745098039
180.0
5369549

7656 9425 12760 14819 17864 19285
1.231060606060606 1.6666666666666667
180.0
5399390

7680 16100 30400 21020 34880 40900
2.0963541666666665 3.9583333333333335
180.0
5453570

7728 14592 30590 19632 35098 39938
1.8881987577639752 3.9583333333333335
180.0
5506480

7735 31008 36465 35513 40885 58497
4.008791208791209 4.714285714285714
180.0
5581688

7752 17575 32640 22477 37128 44135
2.267156862745098 4.2105263157894735
180.0
5639655

7800 10560 13000 15960 18200 20440
1.353846153846154 1.6666666666666667
180.0
5671015

7920 9750 13200 15330 18480 19950
1.231060606060606 1.6666666666666667
180.0
5701885

7995 10824 13325 16359 18655 20951
1.353846153846154 1.6666666666666667
179.99999999999997
5734029

8064 16905 31920 22071 36624 42945
2.0963541666666665 3.9583333333333335
180.0
5790918

8184 10075 13640 15841 19096 20615
1.231060606060606 1.6666666666666667
180.0
5822817

8190 11088 13650 16758 19110 21462
1.353846153846154 1.6666666666666667
179.99999999999997
5855745

8190 32832 38610 37602 43290 61938
4.008791208791209 4.714285714285714
180.0
5935377

8385 11352 13975 17157 19565 21973
1.353846153846154 1.6666666666666667
179.99999999999997
5969089

8400 21760 30422 26960 35378 45398
2.5904761904761906 3.6216666666666666
180.0
6029671

8415 11704 55176 17501 59829 61864
1.3908496732026143 6.556862745098039
180.0
6104966

8448 10400 14080 16352 19712 21280
1.231060606060606 1.6666666666666667
180.0
6137894

8448 17710 33440 23122 38368 44990
2.0963541666666665 3.9583333333333335
180.0
6197492

8512 10010 40128 16058 44992 45958
1.175986842105263 4.714285714285714
180.0
6256142

8580 11616 14300 17556 20020 22484
1.353846153846154 1.6666666666666667
180.0
6290638

8645 34656 40755 39691 45695 65379
4.008791208791209 4.714285714285714
180.0
6374694

8712 10725 14520 16863 20328 21945
1.231060606060606 1.6666666666666667
180.0
6408651

8775 11880 14625 17955 20475 22995
1.353846153846154 1.6666666666666667
180.0
6443931

8832 18515 34960 24173 40112 47035
2.0963541666666665 3.9583333333333335
180.0
6506238

8904 14455 34496 20419 39704 43561
1.623427672955975 3.8742138364779874
180.0
6564093

8970 12144 14950 18354 20930 23506
1.353846153846154 1.6666666666666667
180.0
6600157

8976 11050 14960 17374 20944 22610
1.231060606060606 1.6666666666666667
180.0
6635143

9100 36480 42900 41780 48100 68820
4.008791208791209 4.714285714285714
180.0
6723623

9165 12408 15275 18753 21385 24017
1.353846153846154 1.6666666666666667
179.99999999999997
6760471

9180 12768 60192 19092 65268 67488
1.3908496732026143 6.556862745098039
180.0
6842611

9216 19320 36480 25224 41856 49080
2.0963541666666665 3.9583333333333335
179.99999999999994
6907627

9240 11375 15400 17885 21560 23275
1.231060606060606 1.6666666666666667
180.0
6943642

9360 12672 15600 19152 21840 24528
1.353846153846154 1.6666666666666667
179.99999999999997
6981274

9425 21063 30160 27037 35815 44593
2.2348010610079574 3.2
179.99999999999997
7041922

9504 11700 15840 18396 22176 23940
1.231060606060606 1.6666666666666667
180.0
7078966

9555 12936 15925 19551 22295 25039
1.353846153846154 1.6666666666666667
180.0
7117382

9600 20125 38000 26275 43600 51125
2.0963541666666665 3.9583333333333335
180.00000000000003
7185107

9750 13200 16250 19950 22750 25550
1.353846153846154 1.6666666666666667
179.99999999999997
7224307

9768 12025 16280 18907 22792 24605
1.231060606060606 1.6666666666666667
180.0
7262380

9945 13464 16575 20349 23205 26061
1.353846153846154 1.6666666666666667
179.99999999999997
7302364

9984 20930 39520 27326 45344 53170
2.0963541666666665 3.9583333333333335
180.0
7372798

10032 12350 16720 19418 23408 25270
1.231060606060606 1.6666666666666667
180.0
7411900

10140 13728 16900 20748 23660 26572
1.353846153846154 1.6666666666666667
179.99999999999997
7452668

10176 16520 39424 23336 45376 49784
1.623427672955975 3.8742138364779874
180.0
7518788

10296 12675 17160 19929 24024 25935
1.231060606060606 1.6666666666666667
180.0
7558919

10335 13992 17225 21147 24115 27083
1.353846153846154 1.6666666666666667
179.99999999999997
7600471

10368 21735 41040 28377 47088 55215
2.0963541666666665 3.9583333333333335
180.0
7673614

10530 14256 17550 21546 24570 27594
1.353846153846154 1.6666666666666667
180.0
7715950

10545 19584 44400 26481 50505 56784
1.8571834992887624 4.2105263157894735
180.0
7790479

10560 13000 17600 20440 24640 26600
1.231060606060606 1.6666666666666667
180.0
7831639

10725 14520 17875 21945 25025 28105
1.353846153846154 1.6666666666666667
179.99999999999997
7874759

10752 22540 42560 29428 48832 57260
2.0963541666666665 3.9583333333333335
180.0
7950611

10824 13325 18040 20951 25256 27265
1.231060606060606 1.6666666666666667
180.0
7992800

10920 14784 18200 22344 25480 28616
1.353846153846154 1.6666666666666667
179.99999999999997
8036704

11088 13650 18480 21462 25872 27930
1.231060606060606 1.6666666666666667
180.0
8079922

11115 15048 18525 22743 25935 29127
1.353846153846154 1.6666666666666667
179.99999999999997
8124610

11136 23345 44080 30479 50576 59305
2.0963541666666665 3.9583333333333335
180.0
8203171

11310 15312 18850 23142 26390 29638
1.353846153846154 1.6666666666666667
179.99999999999997
8248643

11352 13975 18920 21973 26488 28595
1.231060606060606 1.6666666666666667
180.0
8292890

11448 18585 44352 26253 51048 56007
1.623427672955975 3.8742138364779874
180.0
8367275

11505 15576 19175 23541 26845 30149
1.353846153846154 1.6666666666666667
179.99999999999997
8413531

11520 24150 45600 31530 52320 61350
2.0963541666666665 3.9583333333333335
180.0
8494801

11592 21888 45885 29448 52647 59907
1.8881987577639752 3.9583333333333335
179.99999999999997
8574166

11616 14300 19360 22484 27104 29260
1.231060606060606 1.6666666666666667
180.0
8619442

11700 15840 19500 23940 27300 30660
1.353846153846154 1.6666666666666667
179.99999999999997
8666482

11880 14625 19800 22995 27720 29925
1.231060606060606 1.6666666666666667
180.0
8712787

11895 16104 19825 24339 27755 31171
1.353846153846154 1.6666666666666667
180.0
8760611

11904 24955 47120 32581 54064 63395
2.0963541666666665 3.9583333333333335
180.0
8844590

11970 17280 24752 25470 32438 36592
1.443609022556391 2.0678362573099416
180.0
8898592

12090 16368 20150 24738 28210 31682
1.353846153846154 1.6666666666666667
179.99999999999997
8947200

12144 14950 20240 23506 28336 30590
1.231060606060606 1.6666666666666667
180.0
8994534

12240 17024 18810 25456 27090 31046
1.3908496732026143 1.536764705882353
180.0
9042608

12285 16632 20475 25137 28665 32193
1.353846153846154 1.6666666666666667
179.99999999999997
9092000

12288 25760 48640 33632 55808 65440
2.0963541666666665 3.9583333333333335
180.0
9178688

12408 15275 20680 24017 28952 31255
1.231060606060606 1.6666666666666667
180.0
9227051

12480 16896 20800 25536 29120 32704
1.353846153846154 1.6666666666666667
179.99999999999997
9277227

12600 32640 45633 40440 53067 68097
2.5904761904761906 3.6216666666666666
180.0
9368100

12614 13530 14416 22646 23426 24206
1.0726177263358174 1.1428571428571428
180.0
9408660

12672 15600 21120 24528 29568 31920
1.231060606060606 1.6666666666666667
180.0
9458052

12672 26565 50160 34683 57552 67485
2.0963541666666665 3.9583333333333335
180.0
9547449

12675 17160 21125 25935 29575 33215
1.353846153846154 1.6666666666666667
179.99999999999997
9598409

12720 20650 49280 29170 56720 62230
1.623427672955975 3.8742138364779874
180.0
9681059

12768 15015 60192 24087 67488 68937
1.175986842105263 4.714285714285714
180.0
9769034

12870 17424 21450 26334 30030 33726
1.353846153846154 1.6666666666666667
180.0
9820778

12936 15925 21560 25039 30184 32585
1.231060606060606 1.6666666666666667
180.0
9871199

13056 27370 51680 35734 59296 69530
2.0963541666666665 3.9583333333333335
180.0
9963305

13065 17688 21775 26733 30485 34237
1.353846153846154 1.6666666666666667
179.99999999999997
10015833

13200 16250 22000 25550 30800 33250
1.231060606060606 1.6666666666666667
180.0
10067283

13260 17952 22100 27132 30940 34748
1.353846153846154 1.6666666666666667
179.99999999999997
10120595

13455 18216 22425 27531 31395 35259
1.353846153846154 1.6666666666666667
179.99999999999997
10174691

13464 16575 22440 26061 31416 33915
1.231060606060606 1.6666666666666667
180.0
10227170

13464 27265 39360 35941 47544 58015
2.0250297088532383 2.9233511586452763
180.0
10307259

13650 18480 22750 27930 31850 35770
1.353846153846154 1.6666666666666667
179.99999999999997
10362139

13728 16900 22880 26572 32032 34580
1.231060606060606 1.6666666666666667
180.0
10415647

13845 18744 23075 28329 32305 36281
1.353846153846154 1.6666666666666667
180.0
10471311

13992 17225 23320 27083 32648 35245
1.231060606060606 1.6666666666666667
180.0
10525848

13992 22715 54208 32087 62392 68453
1.623427672955975 3.8742138364779874
180.0
10616763

14040 19008 23400 28728 32760 36792
1.353846153846154 1.6666666666666667
179.99999999999997
10673211

14235 19272 23725 29127 33215 37303
1.353846153846154 1.6666666666666667
180.0
10730443

14256 17550 23760 27594 33264 35910
1.231060606060606 1.6666666666666667
180.0
10786009

14430 19536 24050 29526 33670 37814
1.353846153846154 1.6666666666666667
179.99999999999997
10844025

14520 17875 24200 28105 33880 36575
1.231060606060606 1.6666666666666667
180.0
10900620

14625 19800 24375 29925 34125 38325
1.353846153846154 1.6666666666666667
179.99999999999997
10959420

14784 18200 24640 28616 34496 37240
1.231060606060606 1.6666666666666667
180.0
11017044

14820 20064 24700 30324 34580 38836
1.353846153846154 1.6666666666666667
179.99999999999997
11076628

15015 20328 25025 30723 35035 39347
1.353846153846154 1.6666666666666667
179.99999999999997
11136996

15048 18525 25080 29127 35112 37905
1.231060606060606 1.6666666666666667
180.0
11195649

15210 20592 25350 31122 35490 39858
1.353846153846154 1.6666666666666667
179.99999999999997
11256801

15232 16830 23408 27778 33712 35002
1.1049107142857142 1.536764705882353
180.0
11312271

14820 20064 24700 30324 34580 38836
1.353846153846154 1.6666666666666667
179.99999999999997
11076628

15015 20328 25025 30723 35035 39347
1.353846153846154 1.6666666666666667
179.99999999999997
11136996

15048 18525 25080 29127 35112 37905
1.231060606060606 1.6666666666666667
180.0
11195649

15210 20592 25350 31122 35490 39858
1.353846153846154 1.6666666666666667
179.99999999999997
11256801

15232 16830 23408 27778 33712 35002
1.1049107142857142 1.536764705882353
180.0
11312271

15312 18850 25520 29638 35728 38570
1.231060606060606 1.6666666666666667
180.0
11371953

15405 20856 25675 31521 35945 40369
1.353846153846154 1.6666666666666667
179.99999999999997
11433889

15576 19175 25960 30149 36344 39235
1.231060606060606 1.6666666666666667
180.0
11494600

15600 21120 26000 31920 36400 40880
1.353846153846154 1.6666666666666667
180.0
11557320

15795 21384 26325 32319 36855 41391
1.353846153846154 1.6666666666666667
179.99999999999997
11620824

15840 19500 26400 30660 36960 39900
1.231060606060606 1.6666666666666667
180.0
11682564

15990 21648 26650 32718 37310 41902
1.353846153846154 1.6666666666666667
179.99999999999997
11746852

16104 19825 26840 31171 37576 40565
1.231060606060606 1.6666666666666667
180.0
11809621

16120 28119 38976 38779 49064 58359
1.7443548387096774 2.417866004962779
180.0
11892836

16185 21912 26975 33117 37765 42413
1.353846153846154 1.6666666666666667
180.0
11957908

16368 20150 27280 31682 38192 41230
1.231060606060606 1.6666666666666667
180.0
12021706

16380 22176 27300 33516 38220 42924
1.353846153846154 1.6666666666666667
179.99999999999997
12087562

16575 16905 35728 28995 46297 46543
1.0199095022624434 2.1555354449472097
179.99999999999997
12156770

16575 22440 27625 33915 38675 43435
1.353846153846154 1.6666666666666667
179.99999999999997
12223410

16632 20475 27720 32193 38808 41895
1.231060606060606 1.6666666666666667
180.0
12288237

16770 22704 27950 34314 39130 43946
1.353846153846154 1.6666666666666667
179.99999999999997
12355661

16896 20800 28160 32704 39424 42560
1.231060606060606 1.6666666666666667
180.0
12421517

16965 22968 28275 34713 39585 44457
1.353846153846154 1.6666666666666667
179.99999999999997
12489725

17160 21125 28600 33215 40040 43225
1.231060606060606 1.6666666666666667
180.0
12556610

17160 23232 28600 35112 40040 44968
1.353846153846154 1.6666666666666667
180.0
12625602

17355 23496 28925 35511 40495 45479
1.353846153846154 1.6666666666666667
179.99999999999997
12695378

17424 21450 29040 33726 40656 43890
1.231060606060606 1.6666666666666667
180.0
12763292

17424 32725 33915 44099 45219 57715
1.8781565656565657 1.946453168044077
180.0
12847356

17550 23760 29250 35910 40950 45990
1.353846153846154 1.6666666666666667
180.0
12917916

17688 21775 29480 34237 41272 44555
1.231060606060606 1.6666666666666667
180.0
12986859

17745 24024 29575 36309 41405 46501
1.353846153846154 1.6666666666666667
179.99999999999997
13058203

17940 24288 29900 36708 41860 47012
1.353846153846154 1.6666666666666667
180.0
13130331

17952 22100 29920 34748 41888 45220
1.231060606060606 1.6666666666666667
180.0
13200303

17955 25920 37128 38205 48657 54888
1.443609022556391 2.0678362573099416
179.99999999999997
13281306

18135 24552 30225 37107 42315 47523
1.353846153846154 1.6666666666666667
179.99999999999997
13354218

18216 22425 30360 35259 42504 45885
1.231060606060606 1.6666666666666667
180.0
13425219

18330 24816 30550 37506 42770 48034
1.353846153846154 1.6666666666666667
179.99999999999997
13498915

18360 25536 28215 38184 40635 46569
1.3908496732026143 1.536764705882353
180.0
13571026

18480 22750 30800 35770 43120 46550
1.231060606060606 1.6666666666666667
180.0
13643056

18525 25080 30875 37905 43225 48545
1.353846153846154 1.6666666666666667
179.99999999999997
13717536

18720 25344 31200 38304 43680 49056
1.353846153846154 1.6666666666666667
179.99999999999997
13792800

18744 23075 31240 36281 43736 47215
1.231060606060606 1.6666666666666667
180.0
13865859

18915 25608 31525 38703 44135 49567
1.353846153846154 1.6666666666666667
180.0
13941907

18921 20295 21624 33969 35139 36309
1.0726177263358174 1.1428571428571428
180.0
14002747

19008 23400 31680 36792 44352 47880
1.231060606060606 1.6666666666666667
180.0
14076835

19110 25872 31850 39102 44590 50078
1.353846153846154 1.6666666666666667
180.0
14153667

19272 23725 32120 37303 44968 48545
1.231060606060606 1.6666666666666667
180.0
14228784

19305 26136 32175 39501 45045 50589
1.353846153846154 1.6666666666666667
179.99999999999997
14306400

19500 26400 32500 39900 45500 51100
1.353846153846154 1.6666666666666667
179.99999999999997
14384800

19536 24050 32560 37814 45584 49210
1.231060606060606 1.6666666666666667
180.0
14460946

19600 26741 31395 40291 44555 50401
1.3643367346938775 1.6017857142857144
180.0
14538682

19695 26664 32825 40299 45955 51611
1.353846153846154 1.6666666666666667
179.99999999999997
14617866

19800 24375 33000 38325 46200 49875
1.231060606060606 1.6666666666666667
180.0
14695041

19890 26928 33150 40698 46410 52122
1.353846153846154 1.6666666666666667
179.99999999999997
14775009

20064 24700 33440 38836 46816 50540
1.231060606060606 1.6666666666666667
180.0
14853213

20085 27192 33475 41097 46865 52633
1.353846153846154 1.6666666666666667
179.99999999999997
14933965

20280 27456 33800 41496 47320 53144
1.353846153846154 1.6666666666666667
179.99999999999997
15015501

20328 25025 33880 39347 47432 51205
1.231060606060606 1.6666666666666667
180.0
15094734

20475 27720 34125 41895 47775 53655
1.353846153846154 1.6666666666666667
179.99999999999997
15177054

20520 29393 42432 43453 55608 62543
1.4324074074074074 2.0678362573099416
180.0
15269399

20592 25350 34320 39858 48048 51870
1.231060606060606 1.6666666666666667
180.0
15349661

20670 27984 34450 42294 48230 54166
1.353846153846154 1.6666666666666667
179.99999999999997
15432765

20856 25675 34760 40369 48664 52535
1.231060606060606 1.6666666666666667
180.0
15514056

20865 28248 34775 42693 48685 54677
1.353846153846154 1.6666666666666667
180.0
15597944

21060 28512 35100 43092 49140 55188
1.353846153846154 1.6666666666666667
180.0
15682616

21120 26000 35200 40880 49280 53200
1.231060606060606 1.6666666666666667
180.0
15764936

21255 28776 35425 43491 49595 55699
1.353846153846154 1.6666666666666667
179.99999999999997
15850392

21384 26325 35640 41391 49896 53865
1.231060606060606 1.6666666666666667
180.0
15933741

21450 29040 35750 43890 50050 56210
1.353846153846154 1.6666666666666667
179.99999999999997
16019981

21645 29304 36075 44289 50505 56721
1.353846153846154 1.6666666666666667
179.99999999999997
16107005

21648 26650 36080 41902 50512 54530
1.231060606060606 1.6666666666666667
180.0
16191383

21840 29568 36400 44688 50960 57232
1.353846153846154 1.6666666666666667
179.99999999999997
16279191

21912 26975 36520 42413 51128 55195
1.231060606060606 1.6666666666666667
180.0
16364598

22035 29832 36725 45087 51415 57743
1.353846153846154 1.6666666666666667
180.0
16453190

22176 27300 36960 42924 51744 55860
1.231060606060606 1.6666666666666667
180.0
16539626

22230 30096 37050 45486 51870 58254
1.353846153846154 1.6666666666666667
179.99999999999997
16629002

22425 30360 37375 45885 52325 58765
1.353846153846154 1.6666666666666667
179.99999999999997
16719162

22440 27625 37400 43435 52360 56525
1.231060606060606 1.6666666666666667
180.0
16806627

22620 30624 37700 46284 52780 59276
1.353846153846154 1.6666666666666667
179.99999999999997
16897571

22704 27950 37840 43946 52976 57190
1.231060606060606 1.6666666666666667
180.0
16986065

22815 30888 38025 46683 53235 59787
1.353846153846154 1.6666666666666667
180.0
17077793

22848 25245 35112 41667 50568 52503
1.1049107142857142 1.536764705882353
180.0
17160998

22968 28275 38280 44457 53592 57855
1.231060606060606 1.6666666666666667
180.0
17250521

23010 31152 38350 47082 53690 60298
1.353846153846154 1.6666666666666667
179.99999999999997
17343033

23205 31416 38675 47481 54145 60809
1.353846153846154 1.6666666666666667
179.99999999999997
17436329

23232 28600 38720 44968 54208 58520
1.231060606060606 1.6666666666666667
180.0
17526881

23400 31680 39000 47880 54600 61320
1.353846153846154 1.6666666666666667
179.99999999999997
17620961

23496 28925 39160 45479 54824 59185
1.231060606060606 1.6666666666666667
180.0
17712542

23595 31944 39325 48279 55055 61831
1.353846153846154 1.6666666666666667
179.99999999999997
17807406

23760 29250 39600 45990 55440 59850
1.231060606060606 1.6666666666666667
180.0
17900016

23790 32208 39650 48678 55510 62342
1.353846153846154 1.6666666666666667
180.0
17995664

23985 32472 39975 49077 55965 62853
1.353846153846154 1.6666666666666667
180.0
18092096

24024 29575 40040 46501 56056 60515
1.231060606060606 1.6666666666666667
180.0
18185735

24180 32736 40300 49476 56420 63364
1.353846153846154 1.6666666666666667
179.99999999999997
18282951

24288 29900 40480 47012 56672 61180
1.231060606060606 1.6666666666666667
180.0
18377619

24375 33000 40625 49875 56875 63875
1.353846153846154 1.6666666666666667
179.99999999999997
18475619

24480 34048 37620 50912 54180 62092
1.3908496732026143 1.536764705882353
180.0
18571767

24552 30225 40920 47523 57288 61845
1.231060606060606 1.6666666666666667
180.0
18667464

24570 33264 40950 50274 57330 64386
1.353846153846154 1.6666666666666667
179.99999999999997
18766248

24765 33528 41275 50673 57785 64897
1.353846153846154 1.6666666666666667
179.99999999999997
18865816

24816 30550 41360 48034 57904 62510
1.231060606060606 1.6666666666666667
180.0
18962542

24960 33792 41600 51072 58240 65408
1.353846153846154 1.6666666666666667
179.99999999999997
19062894

25080 30875 41800 48545 58520 63175
1.231060606060606 1.6666666666666667
180.0
19160649

25155 34056 41925 51471 58695 65919
1.353846153846154 1.6666666666666667
179.99999999999997
19261785

25228 27060 28832 45292 46852 48412
1.0726177263358174 1.1428571428571428
180.0
19342905

25344 31200 42240 49056 59136 63840
1.231060606060606 1.6666666666666667
180.0
19441689

25350 34320 42250 51870 59150 66430
1.353846153846154 1.6666666666666667
179.99999999999997
19543609

25545 34584 42575 52269 59605 66941
1.353846153846154 1.6666666666666667
180.0
19646313

25608 31525 42680 49567 59752 64505
1.231060606060606 1.6666666666666667
180.0
19746126

25740 34848 42900 52668 60060 67452
1.353846153846154 1.6666666666666667
180.0
19849614

25872 31850 43120 50078 60368 65170
1.231060606060606 1.6666666666666667
180.0
19950456

25935 35112 43225 53067 60515 67963
1.353846153846154 1.6666666666666667
179.99999999999997
20054728

26130 35376 43550 53466 60970 68474
1.353846153846154 1.6666666666666667
179.99999999999997
20159784

26136 32175 43560 50589 60984 65835
1.231060606060606 1.6666666666666667
180.0
20261655

26325 35640 43875 53865 61425 68985
1.353846153846154 1.6666666666666667
179.99999999999997
20367495

26400 32500 44000 51100 61600 66500
1.231060606060606 1.6666666666666667
180.0
20470395

26520 35904 44200 54264 61880 69496
1.353846153846154 1.6666666666666667
179.99999999999997
20577019

26664 32825 44440 51611 62216 67165
1.231060606060606 1.6666666666666667
180.0
20680948

26928 33150 44880 52122 62832 67830
1.231060606060606 1.6666666666666667
180.0
20785906

27192 33475 45320 52633 63448 68495
1.231060606060606 1.6666666666666667
180.0
20891893
